5.996794695753757e-10
3.803950234804801
3.882734009414531
3.85676742821728
3.6912981796547997
3.68994725007126
3.6653500094379856
3.6687644927124237
3.48886289945583
3.895908570749179
3.843024646167745
3.4844428493930915
3.932781871133373
3.905034653041312
4.1526898945665485
4.203977351886691
2.7490419359088385
4.088461898374871
3.7308934548647095
3.5013456748074985
3.881871566935219
3.837560535096861
3.514772034028974
3.9276885720412666
3.840325808891257
3.694790493959623
3.727302780078415
3.6901939806863933
3.6861951713815904
3.6881529531663144
3.718819462361873
3.702847295545958
3.6786138401980026
3.7541286604353004
3.6775720314350875
3.8992805354103197
3.883726292143571
3.805254753955581
3.7930864840618717
3.4916801806151705
3.866384344582891
3.88706278346904
3.445279553411105
3.8982585508711893
3.8470041585724006
3.439377775226631
3.910288048195422
3.8005240972370724
3.6832753307813966
3.666612466977528
3.677449504492143
3.6848091268408436
3.65361628659558
3.4842460194502203
3.88783383449447
3.856735510934441
3.6580136001262855
3.488889018282483
3.8790999734568192
3.8391447217874437
3.6625814175450606
3.6849709941584177
3.6226717556592587
3.7032461535473185
3.47615187875955
3.8735722201699296
3.8505005104251584
3.453702415193213
3.8974109277563076
3.808571843672817
3.4834907462468396
3.9094315423705432
3.829942427189342
3.676124800387043
3.729012710086275
3.654125578157684
3.686409000021973
3.7109425942687166
3.472494028720097
3.925747536757927
3.8613832582409793
3.680224482686913
3.735698451053339
3.504206581148167
3.908757535741478
3.860189185259085
3.6953503984944787
3.6879454075921854
3.5991518493442793
3.782025410050405
3.6901939806863933
3.652413648970493
3.6818914807346745
4.193700107184565
3.679197898254832
3.746429582679423
3.4765177994922363
3.934021283819907
3.8914517662885904
3.5052725707647694
3.930312753006087
3.8115621728509947
3.5341257717174153
3.9149854482118753
3.883485365302638
3.6816361641430766
3.671738504325842
3.7280084331855807
3.524998445213527
3.915489802167273
3.8804888654509795
3.6812419473183473
